046192386,
080385296,
071750426,
191373708,
081590853,
039269209,
078390477,
620797944,
062729769,
062506134,
556432990,
067605154,
225311612,
864359444,
132488607,
080457195,
607458267,
080528868,
077581187,
080906800,
003545191,
022898206,
066067611,
017153151,
092408363,
079198594,
933351611,
068847765,
627374544,
080459317,
029053964,
114114531,
095446659,
183196138,
825168235,
602684552,
791969640,
118543867,
093085546,
962003997,
116004417,
135893746,
143570526,
135101004,
612781054,
960520278,
791780294,
103301636,
080128261,
020993268,
017431466,
107101248,
047681069,
079691336,
795772743,
192728389,
079809888,
787970458,
108580415,
202095022,
095890018,
114114531,
195814777,
007041346,
960753486,
193606972,
008059820,
115247751,
825168235,
808626092,
055579000,
944206929,
079145894,
097575849,
038278578,
078545572,
079683385,
015170038,
049944143,
006961957,
605710730,
117203536,
011695533,
197062982,
095446670,
062139076,
967904058,
791830354,
081176569,
081176569,
027339764,
016533367,
055169452,
001200443,
623944340,
832461086,
077848968,
612955364,
080128261,
608847919,
074368911,
802969063,
043207562,
073648545,
946418316,
192728389,
108180597,
833172641,
926132960,
073376191,
079683385,
132338315,
117537110,
515062438,
016151064,
612955364,
189047269,
080639876,
083705293,
003396256,
607458101,
090324429,
031154181,
006961957,
005985365,
062351499,
026028332,
868858119,
196297761,
188112390,
023187396,
006987135,
002223642,
958662223,
053600573,
007934151,
075738443,
156749520,
004164494,
049944143,
027339764,
942083031,
878268200,
079143112,
962701384,
027205932,
061942418,
872651872,
808464346,
362263279,
793506390,
009416934,
839666919,
081266214,
087941183,
808475805,
064979016,
080051974,
071127153,
188805365,
099747682,
038743944,
192858954,
130478618,
077734937,
024984165,
097729156,
047412615,
008965063,
067316471,
620499467,
492721782,
056819501,
128015448,
841177277,
077127767,
167663579,
086004922,
928337182,
203702451,
117388847,
063488522,
867897456,
129715678,
831678607,
113290969,
787970458,
097704928,
024511210,
079733303,
079395251,
968001078,
179982905,
787349815,
949646108,
033589687,
080482480,
030893153,
156944753,
144437795,
073133969,
026047599,
050863605,
139605786,
054354936,
154670442,
601933187,
113290969,
025635747,
844920293,
055329262,
005103494,
152518713,
153878996,
006955009,
055169452,
055169452,
060510813,
798247453,
041302120,
199403411,
036500804,
849493585,
081108252,
112359310,
023058159,
136729634,
070512834,
957345101,
112359310,
068031075,
055169452,
070900105,
003978277,
083599936,
945963940,
802158365,
006996763,
001408673,
120912852,
107290096,
111578985,
013467522,
006077127,
187597646,
075236133,
117346477,
021150511,
612955364,
005622699,
079943924,
078514642,
807016568,
421340094,
130393494,
079119698,
040682105,
006911622,
063523156,
019238489,
075050671,
827782756,
800328283,
074401712,
809603132,
002971240,
937944205,
793751087,
156897878,
131758724,
113290969,
613418404,
790939610,
139001544,
068673441,
053739905,
947156824,
601838209,
127918139,
962701384,
008096849,
005011259,
007307059,
113313969,
073951170,
797311875,
793038709,
056173364,
782655427,
009496859,
003943342,
199063629,
064672519,
045911385,
030673102,
006961957,
078321426,
858450760,
079748538,
020091809,
007857451,
963918441,
150537215,
062981589,
620694505,
963918441,
873170815,
078304295,
080930946,
078402284,
038028759,
794524699,
069839567,
043370380,
080397779,
079822048,
800406709,
172418605,
060935512,
006051783,
173808684,
076023225,
154670442,
076580760,
074842923,
005513779,
080675348,
963918441,
005633600,
884114609,
014606839,
010135598,
688489290,
085073856,
085073856,
055277893,
081509838,
065973897,
193505567,
074980293,
802410691,
013895459,
058966809,
078518162,
006996763,
077437371,
051113330,
019761139,
829793194,
039409741,
787851166,
610278459,
024558669,
118462022,
623704731,
057979312,
018869669,
080341653,
613400720,
965758188,
801239252,
008489197,
138244731,
010275089,
118239292,
037301527,
093735686,
041509506,
002452084,
005930692,
057106636,
079201269,
088532319,
068258326,
018539619,
097704928,
022204960,
068258326,
040872195,
013450232,
114164197,
045812369,
199715152,
800998812,
066525213,
102147006,
001482033,
076499961,
081176569,
069269975,
054723888,
964724277,
025039376,
136271561,
609456033,
832788132,
829827877,
003377694,
139644939,
006082531,
052751740,
044097220,
800115891,
962306218,
060713047,
606624653,
047605173,
011182547,
079682045,
068258326,
605322817,
828600254,
046150962,
025335405,
837977826,
041749586,
045640788,
063830137,
100273953,
043703232,
079187686,
122613792,
025027256,
808229041,
015914496,
009232752,
010562556,
794033824,
007307059,
079916522,
140631875,
067605154,
065907006,
033426898,
017899795,
054723888,
878046069,
065992794,
010199297,
062042673,
604525241,
061147103,
067605154,
